14141414141414141414141414141414141414
14141414141414141414141414141414141414
14141414141414141414141414141414141414
14141414141414141414141414141414141414
14141414141414141414141414141414141414
14141414141414141414141414141414141414
14141414141414141414141414141414141414
14141414141414141414141414141414141414
14141414141414141414141414141414141414
14141414141414141414141414141414141414
14141414141414141414141414141414141414
14141414141414141414141414141414141414
14141414141414141414141414141414141414
14141414141414141414141414141414141414
14141414141414141414141414141414141414
14141414141414141414141414141414141414
14141414141414141414141414141414141414
14141414141414141414141414141414141414
14141414141414141414141414141414141414
14141414141414141414141414141414141414
